69
-69
-8
23
-95
67
-98
85
110
9
50
27
40
29
-78
97
78
-117
62
-59
94
-98
50
-79
101
-53
-82
-11
115
-12
-119
101
25
76
106
-103
56
-20
114
122
6
42
-63
-10
-74
81
83
-125
125
-116
75
87
-116
-40
13
51
-89
82
-42
8
-14
-109
126
88
-23
71
-29
81
-81
-21
-126
89
-106
57
-14
122
-97
26
-42
91
-27
16
-30
119
-51
74
50
-11
40
72
26
-50
15
99
56
-47
90
104
66
5
2
-79
29
-8
-127
7
25
76
-59
19
-75
40
-88
123
-1
-6
-119
-22
63
122
111
40
48
-92
-52
-5
-52
99
-105
-95
39
95
-36
-101
-37
85
-55
-27
-2
1
52
66
-86
-100
-71
-109
110
-68
114
75
